26,4
26,1
26,3
30,4
30,1
30,3
31,5
31,1
31,3
25,4
25,1
25,3
24,1
24,3
28,4
29,1
29,3
28,5
28,1
28,3
27,1
27,3
38,35
3,2
3,1
3,3
10,27
10,33
10,309
10,225
10,279
10,301
11,15
8,17
8,2
8,3
0,320
35,7
35,6
35,5
35,4
35,3
35,2
35,1
35,0
34,5
34,4
34,3
34,2
34,1
34,0
33,18
33,17
33,16
33,15
33,14
33,13
33,12
33,11
33,10
33,9
33,8
33,7
33,6
33,5
33,4
33,3
33,2
33,1
33,0
32,4
32,3
32,2
32,1
32,0
20,3
20,2
20,1
19,3
19,2
19,1
14,5
12,3
12,2
12,1
11,27
11,26
11,25
11,23
11,21
11,20
11,19
11,18
11,17
11,16
11,14
11,8
11,5
11,3
11,2
11,1
10,308
10,273
10,254
10,243
10,237
10,211
10,196
18,1
10,168
18,3
10,162
10,143
